SIMULATION: 06_revive_simulation_01
REVIVED FROM SIMULATION: /Users/mauriceling/Dropbox/MyProjects/dose/examples/Simulations/01_basic_functions_one_cell_deployment_2013-10-13-1381664013.83/
----------------------------------------------------------------------
SIMULATION REVIVAL STARTED: 2013-10-13-1381675838.43

population_names: ['pop_01']
chromosome_bases: ['0', '1']
generation_start: [100]
extend_gen: 30
max_generation: [130]
background_mutation: 0.1
additional_mutation: 0
mutation_type: point
population_size: [100]
cells: 50
max_cell_population: 200
clean_cell: True
max_codon: 2000
eco_cell_capacity: 100
world_x: 5
world_y: 5
world_z: 5
goal: 0
fossilized_ratio: 0.01
fossilized_frequency: 20
print_frequency: 10
ragaraja_version: 0
eco_buried_frequency: 100

REPORT:
----------------------------------------------------------------------

2013-10-13 14:50:38.596059
GENERATION: 110
001101100100011111000000100100
011110111101010111011011110100
001011011100110100001010011000
000011001111110001100111000000
000001000011000011011100100000
110111100110111111010000010000
110010011100100011011011000100
011100101100001001100010111000
111010010001101110001011000000
010110100110110000000010101000
001101000100111110010011100000
110010101101100011011000011100
010100110101001111101110111100
011001101111100101011100111000
010101000110101101001001001000
001100110011011000111010110100
101110011010011101010001110000
110101011000110000101111100000
100100001110001111101101011000
001101000011111111000111010000
101100101001001100001001010000
010111001011010001001010010100
110011010100110011101101101100
101000100110110000011011001100
001111010011000110101011000000
111111110110000111101000101100
001010001111110011100111110100
011101000101001101001101000100
111111001001000111110100000000
011011110010011000111001110000
101011111001001011110101101000
011100101010111100011110000100
001011101100101110101011101100
100101011111100010010011001100
100100101101001111011011111100
101110110101001100001111010100
111011100100111000011011111100
000011110010000001000010101000
110000101001101001100010110100
001000010110100001010001111000
010100100010011010011111100000
111100010111100111110001011100
101101101100011011000001111000
110001001100100001110001101000
000110000000111101110000101000
010011000110100111001000011100
010100000110001000010100111100
001100011101100101011100010100
000101011011101111011000010000
100111100101001010100101001000
000011100011000110000010001100
000011010011001100011000111000
000011101001000001010000001100
111000100101001100011100000000
110111000000101011101100110000
011101011010101000111100101100
000110000011000011100111000000
000111000110010101011000000000
011111001001111101001100011000
011010001000100011000110111000
011100100111001001111110001000
100011000011101100111000001000
011000001101110011010101011100
110000100100100001110010111100
110101110110011111000101000100
011100010100000001100111011100
100001101101000100000100001100
001110101010110111101111110000
010110010101010010110101000000
010010101011011010000111100100
001000010011011001110110101000
100001100100000011000011011000
101100000001011110111101101100
101001100111101101110111101100
011111011100000101100101011000
111101011011111001001111001100
101110010100000001010111100000
101001110110111110100010110100
101100010101100000100001110000
010111000011110111011010111000
111010101101101000111111110000
001110000101110011000100111000
011110101010001010111011111100
011011010011011001110011110000
010011000011011110100111011000
011110100000110000001011000100
100100111111001110001111011000
101010001001110001100011010100
001101011010111101111100111100
110001111010010111101011010000
101001110101101101001100100100
101100110111001111110000010000
000110001011101001010111011100
000010100111001111010101011100
000100010010000111010100001100
001001110000001010110001000000
101010000010011111010001011100
101111011110000101001010011000
111110101101011110101100111000
011111110001100101101101000100

2013-10-13 14:50:38.849951
GENERATION: 120
001111100100011111010100101100
101000101001010111011010100100
011011011010110100101010110000
000000010001011000000011000000
000001000011011001011010011000
100001101111111111010100010000
000011111100100001101111100000
010100100100111101100000010000
011000010000100100001010001000
000110100100100001000010101000
111101010000111111001011000100
100000101001101011001000001100
011100001100000011100110111100
011001111011000100010110100000
000001001110101001001000000000
011111111011011000111011100100
100011011010001111011001111100
110101011000101000001111100100
000110100110011011001001111000
010011101011111011100111000000
101100101001001111001000011100
010111001011011001001100000100
110001110100110111111100001100
101011100100111010110000000000
101110010001010011111001101000
110010110101000101010000001000
000110001110110000101111100100
011111001111010111000101000100
001000001100000010110100000000
000001011001011100111001111000
111111110001001110101101101100
011100101100111110110010100100
001011101100101110100001001000
100101001001100110000011001100
000010110101011111011110111000
001100100101001101011101110000
111011111100111011011111110100
000111101001000001001010101000
010001101101100001100000111100
001000000100110001010101011000
110000111010011000010111111000
111100010111110101010010111000
101101100100001010100001101000
101111010100100001010000010100
000010011100111111110000100100
010010000111100111001000110100
000101000110111000011010110100
001100000101100110011010000000
100101001001101011011000010000
100111100100011001100111011000
010111110011110101000010001100
000001000110011010011100111000
000011101101101000010000001100
101001011001001100000100000000
111101001101100111101100100000
001111000010111000111100111000
001100101011010001100111001100
000010110100101110100000010000
010111001110110101001111111100
011100001000001011000011111000
110000000111011001111110001000
100000000011101110111000000000
011000101101010010010001111100
011000010110000001110000111100
110101011101011111100000000100
011100110100000011100111001100
100101101100000110000010010000
001000101010110111100100010000
010110011100001000011101000000
100010111001011110100110110100
001010010011101011110111101000
101001110100000011100111011000
011111010111001111111101111100
010001100111101100111001101100
011111011010001111100111111000
110101111001111001000111110100
101111010100000011010010100000
111101110110111110000011110100
011110010101110110000001010000
010111010010110011001011000000
110010110111101000001010110000
101110000101110111100100101000
010110101010111111111001001100
001000010011001001010000110000
011010100011011110000110110000
011011000010111100000011010100
100111111111011110101111101000
101000001101110000000101000100
001101111011111101110000000100
010001000010111111110001010000
100001010111100100100100000100
101100111111000101111100110000
010110101001101011000110000100
000010100100001110000101010000
100101010110001001010110001100
101001111001011010010011000100
010010000010001100100110011100
100100011110111001001110011000
111010101101001110001111111000
000111110001110111000100000100

2013-10-13 14:50:39.356615
GENERATION: 130
001111100000001111010110111000
101110011001011101011000100100
011111011100101000001010110000
010001100101111100111111000100
000011010111010101011010001000
100001111110101110010110011100
101011111100110101101111100100
010100100100010101110100000000
011000100010010100001010000000
000011000101100001100000111100
111001011100110110001011000100
100000110011101100101000011100
001101001100010110100101110100
111011100110000100011000010000
010101001110101001001000010000
011110110111011101111010001100
011100111001000111001110011100
000111111100101001101001100100
001111101100011110110101001000
011011101011111011000111010000
111110101011001111011000001000
010011001010111011101101100100
110001111110110101011100000100
111000001000011001111000000000
101111110011000100111000110000
110001111101001101010000001100
010001001110110100001101100000
011100001110011111000100000100
101011001100100010100010110000
000011111001010011011001111000
101001111000001100100011111100
011100101100110000111100100100
001001101100001100100011011000
010101101011001111001011011100
111010110111000111001100101000
001110100101000111001101001000
010011011101111011010110110100
001011100001010011011111100000
010001111000000000000100110100
001001010100100001010101011000
110000101010010100101111101000
111100000110010001010010101000
111100100000011011000010100000
101110000101101001110000101000
001010011010110101100000000100
111110000010010111001000110100
100001000001101001111010100000
001110011101100100101010000100
110101001011111011110010010000
100111100100110011011111011100
010101110101011111010010001100
100000000110001110011100111100
010101101101111001111011101100
100001011000001000000111001100
111100100111111110111100000000
011101001010100000101101110000
011100010011010111000011000100
001011010001101100101001011100
011111011101110100000111011100
111010101000001000110111011100
110011000111111011111111001000
100010001101101110011001000000
010000110100010010010000100100
001101010011000001110110101100
110101011100101000100010000100
001000111010010001110111100000
000000111010110111001111001000
010000000010011101000100010000
011000111010011000110111010000
100010111001010110011110010100
100100110010101011111101001000
100001010101000101000001001000
001011011111001101011101100000
011011100111111000110001001100
110011111010000110000101100000
100001111011110010001111010100
111111010110010111010110100100
111000110111111110000011110100
001100010111000100100011000000
000011010110110011001011101000
110000111101111010000011100000
101110100101011111000100011100
011110101011101111111101101100
000010111011001101000101111000
111000011011011110001010110100
010101010010111110010011100100
100111101010010011101110101000
101100001101110101001101000100
010101111010101100110010010100
010000010010111110100100010100
001001011111100110100000010100
101000111110010001111100110000
010110101000010111000111010100
000001110100100010111101011000
110101010011001010011111110100
101101111001011100010011011100
001000000011110010000010010100
101000010110011000101010011000
001000001001011010001011010000
000111101001111111000100011000

----------------------------------------------------------------------
SIMULATION ENDED: 2013-10-13 14:50:39.361961